mzdy<-c(11941, 13227, 12963, 14717, 13052, 14391, 14117, 15908, 14083, 15599, 15268, 17133, 14986, 16529, 16088, 18096, 16231, 17223, 17190, 19183, 17067, 18112, 18203, 19963, 18270, 19300, 19305, 21269, 19687, 20740, 20721, 22641, 21632, 22246, 22181, 24309, 22108, 22796, 23091, 25418, 22738, 23504, 23600, 25591, 23372, 24116, 24107, 26211, 24131, 24627, 24439, 27055, 23985, 24877, 24735, 26525, 24931, 25569, 25279, 27261, 25497, 26408, 26163, 28258, 26683, 27452, 27396, 29491, 28034, 29432, 29234, 31802, 30427, 32003, 31685, 34057, 32951, 34576, 34127, 36634, 34761, 34875, 35975, 39092, 35804, 38770, 37896, 40601, 37691, 39726, 39386, 42878, 41058, 43057, 42439, 45907, 43941)